(
Clavibacter_michiganensis_322_org_645144:0.00501,
clavibacter_michiganensis_aer1_org_151744:0.00501);
