(
clavibacter_michiganensis_aer1_org_151744:0.00549,
Clavibacter_michiganensis_322_org_645144:0.00368,
Clavibacter_michiganensis_RS6C_org_594099:0.00298);
