(
Streptomyces_bikiniensis_JNWL01_peg_4194_org_218056:0.17673,
Streptomyces_Purpeofuscus_JODS01_peg_6920_org_213652:0.17673);
